10
10
0
9.51139163562893
9.99861370107074
0.0126601136430881
9.01176655031274
9.98093105041409
0.0653154714121001
8.51488482998655
9.926946503134
0.158520226632913
8.02757220903037
9.81686031618535
0.29349563086469
7.56367286522537
9.63224147189948
0.472075977629063
7.14243816978927
9.36426594030265
0.654354030289578
6.77034311658328
9.0310012606881
0.799992130943015
6.44366416370064
8.65284202294314
0.910378075068642
6.15350933609339
8.24580650545205
0.986528528353759
5.88795115305462
7.82220673078495
1.0291276633589
5.63640001230687
7.3901175200378
1.05970497304768
5.40021214088099
6.94945915873184
1.09950549788452
5.18383414583382
6.49876345306641
1.14855623283814
4.99196240164207
6.03712624901736
1.20689055562583
4.82954006594441
5.56435116301006
1.27454831804856
4.69915460385504
5.08173717909347
1.33506674141626
4.59243696435514
4.59329089977743
1.37211086736669
4.49814291661757
4.10226752148598
1.3858420230016
4.40488153453055
3.61104444334372
1.3763197251067
4.30125140497298
3.12192617728773
1.34350271610191
4.17553308036156
2.63806997359241
1.28441999058515
4.01452813784968
2.16488713901496
1.19587959792263
3.80555228321047
1.71099930011432
1.07727307766137
3.53792264108216
1.28924835070721
0.927765574920725
3.20466756175983
0.917491089091577
0.746271557318766
2.80779279278337
0.614623673999937
0.562495763747359
2.36524043226559
0.383113498677413
0.406350732858076
1.89410223681762
0.216828916296434
0.276993820376323
1.40672357868281
0.106281768006631
0.173746468482543
0.91125061898635
0.0401790248261665
0.0960794519963372
0.415270870133365
0.00747924072198709
0.0379221996719402
