-0.00174263433165259
-0.081067012654176
-0.160391390976699
-0.239715769299223
-0.319040147621746
-0.369275643260263
-0.303155608162755
-0.237035573065247
-0.170915537967739
-0.10479550287023
-0.0555703643368086
-0.0739248120597297
-0.0922792597826508
-0.110633707505572
-0.128988155228493
-0.134373981824323
-0.0878853239117904
-0.041396665999258
0.00509199191327453
0.051580649825807
0.100296829533685
0.157923096422944
0.215549363312202
0.273175630201461
0.33080189709072
0.366999145542784
0.317480320246083
0.267961494949381
0.218442669652679
0.168923844355977
0.124136432753872
0.0982746759301482
