-0.107235410541354
-0.138471881185055
-0.169708351828756
-0.200944822472457
-0.232181293116158
-0.248175919159345
-0.203203166800478
-0.15823041444161
-0.113257662082743
-0.0682849097238755
-0.0381993034368504
-0.0676622814371927
-0.097125259437535
-0.126588237437877
-0.15605121543822
-0.175871528481166
-0.15712118169453
-0.138370834907895
-0.11962048812126
-0.100870141334624
-0.0774021158244534
-0.0350633754201412
0.00727536498417104
0.0496141053884832
0.0919528457927954
0.136861106040912
0.192047445664247
0.247233785287581
0.302420124910915
0.35760646453425
0.38837294942713
0.321460015398211
0.254547081369291
0.187634147340372
0.120721213311452
0.0645032314447851
0.0510650582271215
