11
9
0
10.5000303262381
9.00479368321566
-0.0179666746081182
10.0001796140971
9.01689141072791
-0.0292215582844723
9.50043767675918
9.03293799572864
-0.0337687026856685
9.00071487354325
9.04958130074492
-0.0316097440488379
8.50090956170646
9.06346973967625
-0.0227439055475507
8.00096298445238
9.06692068503263
0.0199377571698977
7.50231682647686
9.03365221508339
0.124700808910748
7.01328330981974
8.93265605336934
0.294806674544214
6.55564165163849
8.73449687384525
0.535923201264806
6.1713842691239
8.41818929422466
0.856945149577313
5.90986699158776
7.99441379637262
1.15588417662132
5.75577166373143
7.51955765039619
1.33898241088383
5.66532413889781
7.02797003246614
1.42136502411533
5.59204525801546
6.53337625432783
1.40916486363254
5.48951472835753
6.04426679503904
1.30149827766298
5.32360789534669
5.57298939036691
1.17366473309991
5.11182441897469
5.12018466003616
1.10304698061969
4.88081286878827
4.67675873544957
1.08788555496966
4.65531017962028
4.23053875093675
1.12780986119102
4.46147062705601
3.77253401212021
1.22325385068277
4.31583026977699
3.29593797884687
1.3128177121468
4.19653858273347
2.8103913357057
1.33488992504645
4.07172517000434
2.32626796394104
1.28993357856992
3.90915991271954
1.85373845064954
1.17630373372868
3.67820685248918
1.41115124385803
0.98965865633608
3.36092387757988
1.02601292612494
0.779010819555149
2.97444631610562
0.709962238899605
0.597021763363117
2.54035971776993
0.462917861973342
0.442672867366626
2.07572698166739
0.279209758548127
0.315128682139363
1.59302755441523
0.149717048572662
0.213717959037445
1.10268327615455
0.0642829390024303
0.134490534611144
0.686249138159686
0.0194921246733516
0.0824578951838736
0.387748573258692
-0.000893830342609065
0.0557907506145777
0.208453277892795
-0.00992538871965447
0.0459644830896407
