0.0399408271137149
0.0265291157043099
0.013117404294905
-0.0002943071145
-0.013706018523905
-0.0486788132540427
-0.169895941267111
-0.291113069280179
-0.412330197293248
-0.533547325306316
-0.593101624125887
-0.406004606171475
-0.218907588217063
-0.0318105702626509
0.155286447691761
0.282989385603797
0.173116003346342
0.0632426210888867
-0.0466307611685685
-0.156504143426024
-0.217688451455192
-0.0841164625712291
0.0494555263127337
0.183027515196697
0.316599504080659
0.413528425266959
0.363885075662622
0.314241726058286
0.264598376453949
0.214955026849612
0.168230733279498
0.133182663846269
0.0981345944130399
0.063086524979811
0.0280384555465822
