11
11
0
10.5002708775816
10.9860729798344
0.058574085635195
10.0026195235534
10.9389683413323
0.133045511649084
9.51059918942419
10.8510347903077
0.223562968019491
9.02969583879848
10.7151066727528
0.330309057007702
8.5676348881745
10.5249506547633
0.45350179259832
8.13287476657579
10.2786571506611
0.573069659841661
7.73741384514776
9.99517857848597
0.666726699298629
7.40407066535706
9.71416714800047
0.730519741559732
7.12445743959325
9.45297763877165
0.769048060813878
6.8902901373554
9.22154747225614
0.787326275334508
6.65747649428157
8.98453183904661
0.803124739278851
6.38948683760722
8.69894868999688
0.833305744884398
6.09391932164983
8.35828230504204
0.881444853043836
5.7907484084806
7.96508492700103
0.949160500553686
5.51623849704066
7.54736600570852
1.03236764490381
5.27898625642635
7.10742883327985
1.11832570443622
5.07815844779905
6.64967704282699
1.19466108420989
4.9105568627756
6.17871094981762
1.26142872927321
4.77245291253589
5.69823904271065
1.31867644064189
4.65974969344433
5.21115960580183
1.36644501347
4.5671727999707
4.71982944188471
1.39884572651973
4.48531747950501
4.22657844363247
1.41003027260642
4.40375619997387
3.73327793561854
1.40003883745394
4.31205909950739
3.24178038479085
1.3688355257831
4.19988719520234
2.754588708187
1.31630784385777
4.05665537930894
2.27568284366108
1.23897008881673
3.87028330049866
1.81198625132715
1.13309837842704
3.62963941118497
1.37417132530375
0.99801688306865
3.32637907082666
0.977406735952138
0.832839982174168
2.95694741589515
0.641763259426433
0.636448106083042
2.52791029489443
0.38664416805817
0.443404899352305
2.06088901910299
0.209600998707552
0.287908337199616
1.57380549481121
0.0981291387083085
0.168424046825475
1.07774609886577
0.0367935038339231
0.0838158497973252
0.578575128548026
0.00905320205257326
0.0333010019036477
0.0865984264206681
0.000299517361951721
0.00346426475409709
