11.4
11.4
0
10.9105342189071
11.3109778791667
0.332337157401918
10.4593159095686
11.0976305662487
0.529030009816731
10.0412053779505
10.8237302225136
0.611326705435634
9.63103264700109
10.5378267625399
0.587074141631011
9.20015522334642
10.2849446989486
0.454018896758223
8.73516834785059
10.1024137615249
0.311016622972714
8.25426717137194
9.96579134342151
0.258378943936762
7.77211139663445
9.83351561580256
0.292819374178803
7.3021252747222
9.66389371045403
0.416474219687343
6.8685732403855
9.41702274595151
0.637462501192998
6.50861673061851
9.07191059840154
0.880018143201344
6.2291486073428
8.65822136654956
1.06302987255809
6.01675566071881
8.20598484376728
1.1907526597618
5.8510943040906
7.73436437487467
1.26597356223038
5.70901784765318
7.2549907086291
1.29026743899371
5.57056082408737
6.77454336810849
1.2906203002095
5.43288379244437
6.29387212178195
1.2935134278451
5.29720926281056
5.8126323048745
1.29894697125837
5.16476412437882
5.33049450150124
1.30692121098003
5.03678209564864
4.84715391500375
1.31743655877156
4.91280718139304
4.36276779727926
1.31954546042989
4.78517114171622
3.87934011511812
1.30229433379065
4.64456135606182
3.39954972830736
1.26563136783261
4.48185640371099
2.92683792948315
1.20944598986372
4.29111444520935
2.47189344174881
1.13462862154135
4.06318132545137
2.03468247082978
1.04350115653291
3.78978726515092
1.6163452482706
0.938011309743223
3.47134468463947
1.23127678457623
0.819223153634759
3.10726175892833
0.88914933441094
0.686975674293319
2.69934268506383
0.600836198678514
0.541087318836619
2.25351980568619
0.375482409273124
0.398671330804605
1.78177320831828
0.210803523497061
0.276687281598333
1.29448636692409
0.0998230054609362
0.174757716163914
0.798981078549455
0.0340841796253153
0.0925725912745915
0.299954427573255
0.00436532770918933
0.0298854178017947
