-0.647185758896865
-0.436440673248449
-0.225695587600033
-0.014950501951617
0.195794583696799
0.329752509219219
0.156561794237655
-0.0166289207439093
-0.189819635725474
-0.363010350707038
-0.481427025479998
-0.380747539418551
-0.280068053357104
-0.179388567295657
-0.0787090812342097
0.000818416298955665
-0.00426204028100163
-0.00934249686095893
-0.0144229534409162
-0.0195034100208735
-0.0158275490600449
0.0228735820639243
0.0615747131878935
0.100275844311863
0.138976975435832
0.175001916194523
0.200322095492103
0.225642274789684
0.250962454087264
0.276282633384844
0.288901813948208
0.250716999574711
0.212532185201214
0.174347370827717
0.136162556454221
0.101390116757207
