-0.722634431061817
-0.579257204618127
-0.435879978174436
-0.292502751730745
-0.149125525287055
-0.0390491986035141
-0.062176470960573
-0.0853037433176319
-0.108431015674691
-0.13155828803175
-0.137237870639638
-0.0731266942508451
-0.00901551786205243
0.0550956585267403
0.119206834915533
0.171627011381739
0.177283188157602
0.182939364933464
0.188595541709327
0.19425171848519
0.200642880815622
0.209973985364333
0.219305089913045
0.228636194461756
0.237967299010468
0.235614895343458
0.186528458813571
0.137442022283684
0.0883555857537962
0.0392691492239088
