8
10
0
7.51496142544722
9.89490728324813
0.405259025943991
7.09382762991663
9.62912259302627
0.703173544621867
6.75141387512141
9.26611591709657
0.910829140610804
6.47374916173428
8.85075011877368
1.03847996067578
6.23446219097957
8.41180455298178
1.09183606794098
6.00869434467242
7.9656913028227
1.11484709121385
5.79587720660194
7.51327330693773
1.14946122205076
5.60152862615833
7.052642545743
1.1957156848523
5.43143847599766
6.58254247334202
1.25366040868701
5.29168303635785
6.10258468124181
1.32335824398219
5.18509410372185
5.61416046084295
1.3826581542999
5.09964234193413
5.12153416760085
1.40964095580375
5.0195762653264
4.62798741333668
1.40452996939951
4.92908932817525
4.13627511145276
1.36728301348279
4.81249028788925
3.65017219964284
1.2975910018849
4.65682147010095
3.17520381486422
1.210050445163
4.45955749366019
2.71596205171307
1.11959218038066
4.2209781818539
2.27677655104211
1.02621022996451
3.94188545200287
1.86216981193909
0.929898410294102
3.62365864199847
1.47679948182749
0.830650330036301
3.26820099462803
1.12550074482536
0.727501382654914
2.877718239965
0.813633729049939
0.619478759483339
2.45525501530824
0.546728594762962
0.506562769848273
2.00489837222527
0.330240842495844
0.388732746048627
1.53184183501256
0.169371675718053
0.265967027854153
1.04613761705274
0.0669344735475187
0.154334001809582
0.635045736985117
0.0189182556081305
0.081947603572857
0.339930824550341
0.000556849208584349
0.0449380589304309
0.162633654882207
-0.0060718476654387
0.0313225185891541
