-0.473379604098375
-0.440209895347801
-0.407040186597226
-0.373870477846652
-0.340700769096078
-0.298628232159755
-0.22094438248044
-0.143260532801124
-0.0655766831218078
0.0121071665575081
0.0695837027549993
0.0462309850251943
0.0228782672953892
-0.000474450434415796
-0.0238271681642208
-0.0352594597281832
0.000989953371222742
0.0372393664706286
0.0734887795700345
0.10973819266944
0.143863193770153
0.16949054687609
0.195117899982028
0.220745253087966
0.246372606193903
0.263067051029129
0.244029862781509
0.22499267453389
0.205955486286271
0.186918298038652
0.164821005542934
0.130483296054822
