8.6
11.4
0
8.11696454887284
11.3399099348521
0.243883412526896
7.65144954196331
11.1646352168106
0.472712908642449
7.2338622783268
10.8914486835029
0.682420525112291
6.87876328781896
10.5406101343473
0.872884307978011
6.59254995809813
10.1314431269058
1.04458477265039
6.3744693866989
9.68201218927935
1.18591639891501
6.21197826766235
9.20939377356755
1.28609971728021
6.08782934315395
8.72521206588834
1.34639417628277
5.9850496010844
8.24417188066323
1.36731500133401
5.88626194540667
7.77736251300816
1.35050491985184
5.77322625128047
7.30815914242383
1.32031522428921
5.64416041528866
6.82557743033226
1.3007144484566
5.5083384285886
6.34438011607991
1.29277716625369
5.37150675337523
5.86346772190895
1.29651755248741
5.23928989327905
5.38127131804256
1.31193968910627
5.11504328660031
4.89695823997425
1.32413586739129
4.99231283819654
4.41225592633093
1.31820249853738
4.86232792905404
3.9294610089046
1.29412396799645
4.71640867578947
3.45126903714713
1.25183677127056
4.54611173485107
2.98125126149395
1.19122884173752
4.34385153390575
2.52412978244766
1.11486300847999
4.1044400798633
2.08537887692089
1.0253293715062
3.82403892232547
1.67169057410435
0.922506477413431
3.50014230748027
1.29118070109909
0.806253462676081
3.13205209422338
0.953347445924979
0.676409265136064
2.72245999346179
0.66726322534927
0.544808523722393
2.27999002980589
0.435125628218581
0.42333660084239
1.81349696282857
0.255948779110407
0.31190021926831
1.33056050434138
0.127340124926616
0.21041456379532
0.837433642221161
0.0458746211273268
0.118803016740936
0.341828161466198
0.00689834541262858
0.0412927238802378
