9
11
0
8.5080911754489
10.9225760158299
0.300229649298434
8.05356854779576
10.7172990657825
0.537395380829505
7.65080277545296
10.4222599926074
0.717114379210338
7.29732732771616
10.06914147468
0.843305730430292
6.98093308312967
9.68214761325371
0.918559550454803
6.68857235051429
9.27662312945689
0.976460689404882
6.42339108037603
8.85287876736692
1.04951512671073
6.19325032492059
8.40918938705416
1.1378554171079
6.0067452142081
7.9455362032261
1.24164340150264
5.87305242840165
7.46407350458635
1.3610714127947
5.79612287834005
6.97026285330972
1.46198762062578
5.75638593538822
6.47190181307826
1.5113109891423
5.72861328971007
5.97267501647431
1.51006209038373
5.68762786067294
5.47441827046416
1.45821533495735
5.60819981010357
4.98101000416978
1.35469683903866
5.47139859345944
4.50041705692302
1.23648759173879
5.28421992037729
4.03699507733691
1.14151240353359
5.05899393564618
3.59072704358162
1.06938196228178
4.80702281584043
3.15892331902297
1.01980496739633
4.53864550907403
2.73707453395291
0.992583359926101
4.26052377370785
2.32158513603796
0.965164570707896
3.96652523398747
1.91722323751739
0.914992127742017
3.64822022072809
1.53178556822756
0.841858380638415
3.29849808236862
1.17473334249965
0.745457245536823
2.91235294509764
0.857607357880485
0.625379008913646
2.48932928949325
0.59173081329679
0.498867983473289
2.03725763977508
0.378820538085735
0.383416660184046
1.56449961051772
0.216790818073989
0.27891880995469
1.07798758169732
0.102299490808104
0.185279162400239
0.583235973666484
0.0311244521653763
0.102413050859081
0.0896125031912341
-0.00176245551815836
0.0334099736348781
