-0.56956448452674
-0.471818541102257
-0.374072597677774
-0.276326654253291
-0.178580710828808
-0.106342177948506
-0.136133287244929
-0.165924396541352
-0.195715505837775
-0.225506615134198
-0.229192701520843
-0.128458696268378
-0.0277246910159135
0.0730093142365512
0.173743319489016
0.245443826852138
0.201010342657895
0.156576858463652
0.112143374269409
0.0677098900751663
0.0412069083185635
0.0864259363125148
0.131644964306466
0.176863992300417
0.222083020294369
0.254079335878374
0.233184801822602
0.212290267766829
0.191395733711057
0.170501199655285
0.14763414951424
0.116877035032106
